time/fps,time/process,time/physics_process,time/navigation_process,memory/static,memory/static_max,memory/msg_buf_max,object/objects,object/resources,object/nodes,object/orphan_nodes,raster/total_objects_drawn,raster/total_primitives_drawn,raster/total_draw_calls,video/video_mem,video/texture_mem,video/buffer_mem,physics_2d/active_objects,physics_2d/collision_pairs,physics_2d/islands,physics_3d/active_objects,physics_3d/collision_pairs,physics_3d/islands,audio/driver/output_latency,navigation/active_maps,navigation/regions,navigation/agents,navigation/links,navigation/polygons,navigation/edges,navigation/edges_merged,navigation/edges_connected,navigation/edges_free,navigation/obstacles,pipeline/compilations_canvas,pipeline/compilations_mesh,pipeline/compilations_surface,pipeline/compilations_draw,pipeline/compilations_specialization
1.0,0.0,0.0,0.0,86698064.0,86698064.0,12288.0,12108.0,45.0,165.0,0.0,10542.0,12358.0,2133.0,23782068.0,7287712.0,8101652.0,0.0,0.0,0.0,0.0,0.0,0.0,0.010667,0.0,0.0,0.0,0.0,0.0,0.0,0.0,0.0,0.0,0.0,5.0,0.0,0.0,0.0,0.0
22.0,0.017065,0.000112,0.000001,86700584.0,86708240.0,12288.0,12115.0,45.0,165.0,0.0,10542.0,12358.0,2133.0,23060660.0,4993440.0,8101652.0,0.0,0.0,0.0,0.0,0.0,0.0,0.010667,0.0,0.0,0.0,0.0,0.0,0.0,0.0,0.0,0.0,0.0,5.0,0.0,0.0,0.0,0.0
60.0,0.017997,0.000268,0.000002,86708040.0,86724184.0,12288.0,12117.0,45.0,165.0,0.0,10543.0,12502.0,2134.0,23066996.0,4993440.0,8107988.0,0.0,0.0,0.0,0.0,0.0,0.0,0.010667,0.0,0.0,0.0,0.0,0.0,0.0,0.0,0.0,0.0,0.0,5.0,0.0,0.0,0.0,0.0
60.0,0.017626,0.0002,0.000002,86700560.0,86724184.0,12288.0,12107.0,45.0,165.0,0.0,10543.0,12502.0,2134.0,23066996.0,4993440.0,8107988.0,0.0,0.0,0.0,0.0,0.0,0.0,0.010667,0.0,0.0,0.0,0.0,0.0,0.0,0.0,0.0,0.0,0.0,5.0,0.0,0.0,0.0,0.0
60.0,0.017979,0.000066,0.000003,86700560.0,86724184.0,12288.0,12107.0,45.0,165.0,0.0,10543.0,12502.0,2134.0,23066996.0,4993440.0,8107988.0,0.0,0.0,0.0,0.0,0.0,0.0,0.010667,0.0,0.0,0.0,0.0,0.0,0.0,0.0,0.0,0.0,0.0,5.0,0.0,0.0,0.0,0.0
60.0,0.017332,0.00007,0.000003,86700560.0,86724184.0,12288.0,12107.0,45.0,165.0,0.0,10543.0,12502.0,2134.0,23066996.0,4993440.0,8107988.0,0.0,0.0,0.0,0.0,0.0,0.0,0.010667,0.0,0.0,0.0,0.0,0.0,0.0,0.0,0.0,0.0,0.0,5.0,0.0,0.0,0.0,0.0
60.0,0.018537,0.000078,0.000003,86700560.0,86724184.0,12288.0,12107.0,45.0,165.0,0.0,10543.0,12502.0,2134.0,23066996.0,4993440.0,8107988.0,0.0,0.0,0.0,0.0,0.0,0.0,0.010667,0.0,0.0,0.0,0.0,0.0,0.0,0.0,0.0,0.0,0.0,5.0,0.0,0.0,0.0,0.0
60.0,0.017393,0.000091,0.000002,86700560.0,86724184.0,12288.0,12107.0,45.0,165.0,0.0,10543.0,12502.0,2134.0,23066996.0,4993440.0,8107988.0,0.0,0.0,0.0,0.0,0.0,0.0,0.010667,0.0,0.0,0.0,0.0,0.0,0.0,0.0,0.0,0.0,0.0,5.0,0.0,0.0,0.0,0.0
55.0,0.018197,0.020477,0.000003,85577128.0,89191456.0,12288.0,11055.0,45.0,165.0,0.0,9483.0,12245.0,1997.0,23097572.0,4993440.0,8138564.0,0.0,0.0,0.0,0.0,0.0,0.0,0.010667,0.0,0.0,0.0,0.0,0.0,0.0,0.0,0.0,0.0,0.0,5.0,0.0,0.0,0.0,0.0
48.0,0.01821,0.317777,0.000002,87400888.0,89191456.0,12288.0,11635.0,45.0,230.0,416.0,9542.0,15966.0,2067.0,23400140.0,4993440.0,8441132.0,0.0,14.0,14.0,0.0,0.0,0.0,0.010667,0.0,0.0,0.0,0.0,0.0,0.0,0.0,0.0,0.0,0.0,5.0,0.0,0.0,0.0,0.0
53.0,0.016985,0.010474,0.000002,87401224.0,89191456.0,12288.0,11635.0,45.0,230.0,416.0,9542.0,15966.0,2067.0,23400140.0,4993440.0,8441132.0,0.0,16.0,16.0,0.0,0.0,0.0,0.010667,0.0,0.0,0.0,0.0,0.0,0.0,0.0,0.0,0.0,0.0,5.0,0.0,0.0,0.0,0.0
60.0,0.01098,0.00766,0.000002,87401912.0,89191456.0,12288.0,11635.0,45.0,230.0,416.0,9542.0,15966.0,2067.0,23400140.0,4993440.0,8441132.0,0.0,20.0,20.0,0.0,0.0,0.0,0.010667,0.0,0.0,0.0,0.0,0.0,0.0,0.0,0.0,0.0,0.0,5.0,0.0,0.0,0.0,0.0
60.0,0.011064,0.009911,0.000003,87442176.0,89191456.0,12288.0,11651.0,45.0,232.0,428.0,9544.0,16094.0,2069.0,23409548.0,4993440.0,8450540.0,0.0,20.0,20.0,0.0,0.0,0.0,0.010667,0.0,0.0,0.0,0.0,0.0,0.0,0.0,0.0,0.0,0.0,5.0,0.0,0.0,0.0,0.0
61.0,0.01243,0.034735,0.000002,87500312.0,89191456.0,12288.0,11672.0,45.0,237.0,439.0,9549.0,16414.0,2074.0,23433068.0,4993440.0,8474060.0,0.0,20.0,20.0,0.0,0.0,0.0,0.010667,0.0,0.0,0.0,0.0,0.0,0.0,0.0,0.0,0.0,0.0,5.0,0.0,0.0,0.0,0.0
60.0,0.013875,0.03171,0.000002,87528920.0,89191456.0,12288.0,11680.0,45.0,241.0,439.0,9553.0,16670.0,2078.0,23451884.0,4993440.0,8492876.0,0.0,21.0,21.0,0.0,0.0,0.0,0.010667,0.0,0.0,0.0,0.0,0.0,0.0,0.0,0.0,0.0,0.0,5.0,0.0,0.0,0.0,0.0
60.0,0.010147,0.008867,0.000003,87535552.0,89191456.0,12288.0,11682.0,45.0,242.0,439.0,9554.0,16734.0,2079.0,23456588.0,4993440.0,8497580.0,0.0,23.0,23.0,0.0,0.0,0.0,0.010667,0.0,0.0,0.0,0.0,0.0,0.0,0.0,0.0,0.0,0.0,5.0,0.0,0.0,0.0,0.0
60.0,0.015458,0.009857,0.000002,87576360.0,89191456.0,12288.0,11699.0,45.0,244.0,452.0,9556.0,16862.0,2081.0,23465996.0,4993440.0,8506988.0,0.0,28.0,28.0,0.0,0.0,0.0,0.010667,0.0,0.0,0.0,0.0,0.0,0.0,0.0,0.0,0.0,0.0,5.0,0.0,0.0,0.0,0.0
59.0,0.017462,0.029661,0.000003,87812432.0,89191456.0,12288.0,11810.0,45.0,251.0,548.0,9563.0,17310.0,2088.0,23501276.0,4993440.0,8542268.0,0.0,28.0,28.0,0.0,0.0,0.0,0.010667,0.0,0.0,0.0,0.0,0.0,0.0,0.0,0.0,0.0,0.0,5.0,0.0,0.0,0.0,0.0
59.0,0.009646,0.05602,0.000003,87986776.0,89191456.0,12288.0,11879.0,45.0,260.0,598.0,9572.0,17886.0,2097.0,23541260.0,4993440.0,8582252.0,0.0,29.0,29.0,0.0,0.0,0.0,0.010667,0.0,0.0,0.0,0.0,0.0,0.0,0.0,0.0,0.0,0.0,5.0,0.0,0.0,0.0,0.0
60.0,0.009976,0.033107,0.000002,88217128.0,89191456.0,12288.0,11979.0,45.0,273.0,670.0,9585.0,18718.0,2110.0,23602412.0,4993440.0,8643404.0,0.0,36.0,36.0,0.0,0.0,0.0,0.010667,0.0,0.0,0.0,0.0,0.0,0.0,0.0,0.0,0.0,0.0,5.0,0.0,0.0,0.0,0.0
60.0,0.010661,0.032402,0.000002,88372696.0,89191456.0,12288.0,12018.0,45.0,291.0,673.0,9603.0,19870.0,2128.0,23687084.0,4993440.0,8728076.0,0.0,38.0,38.0,0.0,0.0,0.0,0.010667,0.0,0.0,0.0,0.0,0.0,0.0,0.0,0.0,0.0,0.0,5.0,0.0,0.0,0.0,0.0
59.0,0.01086,0.030168,0.000002,88596880.0,89191456.0,12288.0,12094.0,45.0,312.0,707.0,9624.0,21214.0,2149.0,23785868.0,4993440.0,8826860.0,0.0,41.0,41.0,0.0,0.0,0.0,0.010667,0.0,0.0,0.0,0.0,0.0,0.0,0.0,0.0,0.0,0.0,5.0,0.0,0.0,0.0,0.0
61.0,0.011225,0.030407,0.000002,88845920.0,89191456.0,12288.0,12150.0,45.0,336.0,714.0,9648.0,22750.0,2173.0,23898764.0,4993440.0,8939756.0,0.0,37.0,37.0,0.0,0.0,0.0,0.010667,0.0,0.0,0.0,0.0,0.0,0.0,0.0,0.0,0.0,0.0,5.0,0.0,0.0,0.0,0.0
58.0,0.010753,0.036643,0.000003,89050656.0,89212224.0,12288.0,12226.0,45.0,355.0,751.0,9667.0,23966.0,2192.0,23988140.0,4993440.0,9029132.0,0.0,34.0,34.0,0.0,0.0,0.0,0.010667,0.0,0.0,0.0,0.0,0.0,0.0,0.0,0.0,0.0,0.0,5.0,0.0,0.0,0.0,0.0
62.0,0.010167,0.030717,0.000002,89198048.0,89381176.0,12288.0,12276.0,45.0,370.0,771.0,9681.0,24862.0,2206.0,24058700.0,4993440.0,9099692.0,0.0,37.0,37.0,0.0,0.0,0.0,0.010667,0.0,0.0,0.0,0.0,0.0,0.0,0.0,0.0,0.0,0.0,5.0,0.0,0.0,0.0,0.0
58.0,0.010433,0.031473,0.000002,89363184.0,89434152.0,12288.0,12333.0,45.0,389.0,786.0,9701.0,26142.0,2226.0,24148076.0,4993440.0,9189068.0,0.0,36.0,36.0,0.0,0.0,0.0,0.010667,0.0,0.0,0.0,0.0,0.0,0.0,0.0,0.0,0.0,0.0,5.0,0.0,0.0,0.0,0.0
62.0,0.010299,0.008118,0.000003,89517136.0,89652080.0,12288.0,12382.0,45.0,407.0,801.0,9719.0,27294.0,2244.0,24232748.0,4993440.0,9273740.0,0.0,34.0,34.0,0.0,0.0,0.0,0.010667,0.0,0.0,0.0,0.0,0.0,0.0,0.0,0.0,0.0,0.0,5.0,0.0,0.0,0.0,0.0
59.0,0.010025,0.036656,0.000002,89904016.0,90130840.0,12288.0,12518.0,45.0,425.0,898.0,9736.0,28382.0,2261.0,24463244.0,4993440.0,9504236.0,0.0,31.0,31.0,0.0,0.0,0.0,0.010667,0.0,0.0,0.0,0.0,0.0,0.0,0.0,0.0,0.0,0.0,5.0,0.0,0.0,0.0,0.0
50.0,0.008543,0.040346,0.000003,90299272.0,90576800.0,12288.0,12663.0,45.0,441.0,1009.0,9751.0,29342.0,2276.0,25427564.0,4993440.0,10468556.0,0.0,30.0,30.0,0.0,0.0,0.0,0.010667,0.0,0.0,0.0,0.0,0.0,0.0,0.0,0.0,0.0,0.0,5.0,0.0,0.0,0.0,0.0
5.0,0.008737,0.061138,0.000003,91724232.0,91998352.0,12288.0,12794.0,45.0,458.0,1105.0,9765.0,30238.0,2290.0,25500476.0,4993440.0,10541468.0,0.0,30.0,30.0,0.0,0.0,0.0,0.010667,0.0,0.0,0.0,0.0,0.0,0.0,0.0,0.0,0.0,0.0,5.0,0.0,0.0,0.0,0.0
4.0,0.008795,0.037907,0.000003,92055416.0,92327152.0,12288.0,12939.0,45.0,474.0,1218.0,9776.0,30942.0,2301.0,25580444.0,4993440.0,10621436.0,0.0,31.0,31.0,0.0,0.0,0.0,0.010667,0.0,0.0,0.0,0.0,0.0,0.0,0.0,0.0,0.0,0.0,5.0,0.0,0.0,0.0,0.0
5.0,0.008203,0.033669,0.000002,92267800.0,92550712.0,12288.0,13040.0,45.0,479.0,1309.0,9783.0,31390.0,2308.0,25627484.0,4993440.0,10668476.0,0.0,31.0,31.0,0.0,0.0,0.0,0.010667,0.0,0.0,0.0,0.0,0.0,0.0,0.0,0.0,0.0,0.0,5.0,0.0,0.0,0.0,0.0
35.0,0.016031,0.032986,0.000002,92128232.0,92550712.0,12288.0,13022.0,45.0,466.0,1317.0,9778.0,31070.0,2303.0,24510284.0,4993440.0,9551276.0,0.0,33.0,33.0,0.0,0.0,0.0,0.010667,0.0,0.0,0.0,0.0,0.0,0.0,0.0,0.0,0.0,0.0,5.0,0.0,0.0,0.0,0.0
59.0,0.016684,0.030823,0.000003,92196904.0,92550712.0,12288.0,13048.0,45.0,469.0,1337.0,9779.0,31134.0,2304.0,24677276.0,4993440.0,9718268.0,0.0,32.0,32.0,0.0,0.0,0.0,0.010667,0.0,0.0,0.0,0.0,0.0,0.0,0.0,0.0,0.0,0.0,5.0,0.0,0.0,0.0,0.0
61.0,0.017178,0.032063,0.000002,92203968.0,92550712.0,12288.0,13063.0,45.0,463.0,1362.0,9772.0,30686.0,2297.0,24651404.0,4993440.0,9692396.0,0.0,32.0,32.0,0.0,0.0,0.0,0.010667,0.0,0.0,0.0,0.0,0.0,0.0,0.0,0.0,0.0,0.0,5.0,0.0,0.0,0.0,0.0
53.0,0.009399,0.03266,0.000002,92220880.0,92550712.0,12288.0,13088.0,45.0,456.0,1400.0,9764.0,30174.0,2289.0,24465596.0,4993440.0,9506588.0,0.0,34.0,34.0,0.0,0.0,0.0,0.010667,0.0,0.0,0.0,0.0,0.0,0.0,0.0,0.0,0.0,0.0,5.0,0.0,0.0,0.0,0.0
62.0,0.009552,0.031951,0.000002,92186784.0,92550712.0,12288.0,13079.0,45.0,450.0,1403.0,9757.0,29726.0,2282.0,24435020.0,4993440.0,9476012.0,0.0,37.0,37.0,0.0,0.0,0.0,0.010667,0.0,0.0,0.0,0.0,0.0,0.0,0.0,0.0,0.0,0.0,5.0,0.0,0.0,0.0,0.0
60.0,0.009802,0.032149,0.000001,92126176.0,92550712.0,12288.0,13077.0,45.0,432.0,1437.0,9744.0,28894.0,2269.0,24350348.0,4993440.0,9391340.0,0.0,37.0,37.0,0.0,0.0,0.0,0.010667,0.0,0.0,0.0,0.0,0.0,0.0,0.0,0.0,0.0,0.0,5.0,0.0,0.0,0.0,0.0
56.0,0.010086,0.052569,0.000002,92206680.0,92550712.0,12288.0,13123.0,45.0,431.0,1484.0,9742.0,28766.0,2267.0,24345644.0,4993440.0,9386636.0,0.0,36.0,36.0,0.0,0.0,0.0,0.010667,0.0,0.0,0.0,0.0,0.0,0.0,0.0,0.0,0.0,0.0,5.0,0.0,0.0,0.0,0.0
56.0,0.009792,0.032426,0.000002,92356632.0,92555672.0,12288.0,13192.0,45.0,437.0,1538.0,9746.0,29022.0,2271.0,24373868.0,4993440.0,9414860.0,0.0,38.0,38.0,0.0,0.0,0.0,0.010667,0.0,0.0,0.0,0.0,0.0,0.0,0.0,0.0,0.0,0.0,5.0,0.0,0.0,0.0,0.0
63.0,0.010525,0.031279,0.000002,92342616.0,92555752.0,12288.0,13192.0,45.0,433.0,1546.0,9738.0,28510.0,2263.0,24355052.0,4993440.0,9396044.0,0.0,40.0,40.0,0.0,0.0,0.0,0.010667,0.0,0.0,0.0,0.0,0.0,0.0,0.0,0.0,0.0,0.0,5.0,0.0,0.0,0.0,0.0
56.0,0.01053,0.033292,0.000005,92377136.0,92623456.0,12288.0,13234.0,45.0,420.0,1612.0,9726.0,27742.0,2251.0,24293900.0,4993440.0,9334892.0,0.0,43.0,43.0,0.0,0.0,0.0,0.010667,0.0,0.0,0.0,0.0,0.0,0.0,0.0,0.0,0.0,0.0,5.0,0.0,0.0,0.0,0.0
59.0,0.009859,0.039694,0.000004,92483448.0,92689584.0,12288.0,13286.0,45.0,421.0,1659.0,9731.0,28062.0,2256.0,24298604.0,4993440.0,9339596.0,0.0,46.0,46.0,0.0,0.0,0.0,0.010667,0.0,0.0,0.0,0.0,0.0,0.0,0.0,0.0,0.0,0.0,5.0,0.0,0.0,0.0,0.0
59.0,0.010182,0.032156,0.000002,92615064.0,92856432.0,12288.0,13345.0,45.0,422.0,1716.0,9733.0,28190.0,2258.0,24604364.0,4993440.0,9645356.0,0.0,48.0,48.0,0.0,0.0,0.0,0.010667,0.0,0.0,0.0,0.0,0.0,0.0,0.0,0.0,0.0,0.0,5.0,0.0,0.0,0.0,0.0
26.0,0.010243,0.054382,0.000002,92738800.0,93050312.0,12288.0,13407.0,45.0,428.0,1766.0,9738.0,28510.0,2263.0,24331532.0,4993440.0,9372524.0,0.0,45.0,45.0,0.0,0.0,0.0,0.010667,0.0,0.0,0.0,0.0,0.0,0.0,0.0,0.0,0.0,0.0,5.0,0.0,0.0,0.0,0.0
57.0,0.010382,0.031276,0.000002,92859800.0,93050312.0,12288.0,13451.0,45.0,440.0,1785.0,9749.0,29214.0,2274.0,24387980.0,4993440.0,9428972.0,0.0,43.0,43.0,0.0,0.0,0.0,0.010667,0.0,0.0,0.0,0.0,0.0,0.0,0.0,0.0,0.0,0.0,5.0,0.0,0.0,0.0,0.0
60.0,0.016807,0.032281,0.000002,92960192.0,93167000.0,12288.0,13481.0,45.0,452.0,1791.0,9761.0,29982.0,2286.0,24444428.0,4993440.0,9485420.0,0.0,48.0,48.0,0.0,0.0,0.0,0.010667,0.0,0.0,0.0,0.0,0.0,0.0,0.0,0.0,0.0,0.0,5.0,0.0,0.0,0.0,0.0
41.0,0.009327,0.059942,0.000003,93174208.0,93465432.0,12288.0,13566.0,45.0,451.0,1878.0,9755.0,29598.0,2280.0,25479308.0,4993440.0,10520300.0,0.0,47.0,47.0,0.0,0.0,0.0,0.010667,0.0,0.0,0.0,0.0,0.0,0.0,0.0,0.0,0.0,0.0,5.0,0.0,0.0,0.0,0.0
4.0,0.008955,0.062129,0.000002,93339288.0,93609248.0,12288.0,13660.0,45.0,447.0,1980.0,9753.0,29470.0,2278.0,25458140.0,4993440.0,10499132.0,0.0,47.0,47.0,0.0,0.0,0.0,0.010667,0.0,0.0,0.0,0.0,0.0,0.0,0.0,0.0,0.0,0.0,5.0,0.0,0.0,0.0,0.0
3.0,0.007898,0.059468,0.000004,93718952.0,93990296.0,12288.0,13857.0,45.0,450.0,2167.0,9759.0,29854.0,2284.0,25469900.0,4993440.0,10510892.0,0.0,49.0,49.0,0.0,0.0,0.0,0.010667,0.0,0.0,0.0,0.0,0.0,0.0,0.0,0.0,0.0,0.0,5.0,0.0,0.0,0.0,0.0
4.0,0.008152,0.058474,0.000003,93992568.0,94269280.0,12288.0,13979.0,45.0,463.0,2263.0,9769.0,30494.0,2294.0,25533404.0,4993440.0,10574396.0,0.0,50.0,50.0,0.0,0.0,0.0,0.010667,0.0,0.0,0.0,0.0,0.0,0.0,0.0,0.0,0.0,0.0,5.0,0.0,0.0,0.0,0.0
4.0,0.008528,0.060184,0.000002,94302080.0,94578480.0,12288.0,14120.0,45.0,475.0,2380.0,9783.0,31390.0,2308.0,25585148.0,4993440.0,10626140.0,0.0,53.0,53.0,0.0,0.0,0.0,0.010667,0.0,0.0,0.0,0.0,0.0,0.0,0.0,0.0,0.0,0.0,5.0,0.0,0.0,0.0,0.0
3.0,0.008501,0.079914,0.000002,94570008.0,94863128.0,12288.0,14250.0,45.0,491.0,2478.0,9802.0,32606.0,2327.0,24935996.0,4993440.0,9976988.0,0.0,54.0,54.0,0.0,0.0,0.0,0.010667,0.0,0.0,0.0,0.0,0.0,0.0,0.0,0.0,0.0,0.0,5.0,0.0,0.0,0.0,0.0
58.0,0.01603,0.035446,0.000002,94577728.0,94863128.0,12288.0,14268.0,45.0,486.0,2505.0,9796.0,32222.0,2321.0,24759596.0,4993440.0,9800588.0,0.0,52.0,52.0,0.0,0.0,0.0,0.010667,0.0,0.0,0.0,0.0,0.0,0.0,0.0,0.0,0.0,0.0,5.0,0.0,0.0,0.0,0.0
61.0,0.014418,0.031414,0.000003,94450368.0,94863128.0,12288.0,14243.0,45.0,466.0,2520.0,9774.0,30814.0,2299.0,24510284.0,4993440.0,9551276.0,0.0,53.0,53.0,0.0,0.0,0.0,0.010667,0.0,0.0,0.0,0.0,0.0,0.0,0.0,0.0,0.0,0.0,5.0,0.0,0.0,0.0,0.0
61.0,0.014418,0.031414,0.000003,94451936.0,94863128.0,12288.0,14255.0,45.0,447.0,2570.0,9755.0,29598.0,2280.0,25178252.0,4993440.0,10219244.0,0.0,55.0,55.0,0.0,0.0,0.0,0.010667,0.0,0.0,0.0,0.0,0.0,0.0,0.0,0.0,0.0,0.0,5.0,0.0,0.0,0.0,0.0
53.0,0.016556,0.037929,0.000002,94894560.0,95179056.0,12288.0,14457.0,45.0,461.0,2742.0,9766.0,30302.0,2291.0,25498124.0,4993440.0,10539116.0,0.0,56.0,56.0,0.0,0.0,0.0,0.010667,0.0,0.0,0.0,0.0,0.0,0.0,0.0,0.0,0.0,0.0,5.0,0.0,0.0,0.0,0.0
4.0,0.008216,0.064796,0.000002,95223296.0,95523080.0,12288.0,14611.0,45.0,473.0,2871.0,9779.0,31134.0,2304.0,25563980.0,4993440.0,10604972.0,0.0,56.0,56.0,0.0,0.0,0.0,0.010667,0.0,0.0,0.0,0.0,0.0,0.0,0.0,0.0,0.0,0.0,5.0,0.0,0.0,0.0,0.0
3.0,0.007817,0.058956,0.000002,95555928.0,95847528.0,12288.0,14754.0,45.0,488.0,2984.0,9798.0,32350.0,2323.0,25653356.0,4993440.0,10694348.0,0.0,51.0,51.0,0.0,0.0,0.0,0.010667,0.0,0.0,0.0,0.0,0.0,0.0,0.0,0.0,0.0,0.0,5.0,0.0,0.0,0.0,0.0
4.0,0.008836,0.058223,0.000002,95758144.0,96044536.0,12288.0,14855.0,45.0,491.0,3079.0,9799.0,32414.0,2324.0,25688636.0,4993440.0,10729628.0,0.0,51.0,51.0,0.0,0.0,0.0,0.010667,0.0,0.0,0.0,0.0,0.0,0.0,0.0,0.0,0.0,0.0,5.0,0.0,0.0,0.0,0.0
6.0,0.008896,0.0338,0.000004,95807624.0,96107768.0,12288.0,14905.0,45.0,480.0,3151.0,9790.0,31838.0,2315.0,25634540.0,4993440.0,10675532.0,0.0,49.0,49.0,0.0,0.0,0.0,0.010667,0.0,0.0,0.0,0.0,0.0,0.0,0.0,0.0,0.0,0.0,5.0,0.0,0.0,0.0,0.0
6.0,0.010991,0.038061,0.000002,95782304.0,96126856.0,12288.0,14949.0,45.0,465.0,3223.0,9776.0,30942.0,2301.0,24658460.0,4993440.0,9699452.0,0.0,44.0,44.0,0.0,0.0,0.0,0.010667,0.0,0.0,0.0,0.0,0.0,0.0,0.0,0.0,0.0,0.0,5.0,0.0,0.0,0.0,0.0
49.0,0.008979,0.032021,0.000002,95937000.0,96168320.0,12288.0,15012.0,45.0,467.0,3280.0,9776.0,30942.0,2301.0,25114748.0,4993440.0,10155740.0,0.0,52.0,52.0,0.0,0.0,0.0,0.010667,0.0,0.0,0.0,0.0,0.0,0.0,0.0,0.0,0.0,0.0,5.0,0.0,0.0,0.0,0.0
36.0,0.013867,0.054947,0.000003,96221440.0,96515264.0,12288.0,15133.0,45.0,476.0,3382.0,9784.0,31454.0,2309.0,25608668.0,4993440.0,10649660.0,0.0,50.0,50.0,0.0,0.0,0.0,0.010667,0.0,0.0,0.0,0.0,0.0,0.0,0.0,0.0,0.0,0.0,5.0,0.0,0.0,0.0,0.0
5.0,0.009275,0.037507,0.000003,96354000.0,96641264.0,12288.0,15207.0,45.0,473.0,3462.0,9779.0,31134.0,2304.0,25603964.0,4993440.0,10644956.0,0.0,45.0,45.0,0.0,0.0,0.0,0.010667,0.0,0.0,0.0,0.0,0.0,0.0,0.0,0.0,0.0,0.0,5.0,0.0,0.0,0.0,0.0
32.0,0.016678,0.054604,0.000002,96337528.0,96721592.0,12288.0,15241.0,45.0,467.0,3509.0,9770.0,30558.0,2295.0,24514988.0,4993440.0,9555980.0,0.0,43.0,43.0,0.0,0.0,0.0,0.010667,0.0,0.0,0.0,0.0,0.0,0.0,0.0,0.0,0.0,0.0,5.0,0.0,0.0,0.0,0.0


